kf & can:573  33.3351  125.765 -3.13068 471    75.8867   -19.0283 -0.0339214
kf & can:573  33.3351  125.765 -3.13068 472    76.166  -18.7389 -0.041811
kf & can:593  -23.832 -117.415  3.01773 449  74.9218  25.4011 -1.20162
kf & can:593  -23.832 -117.415  3.01773 450  75.6302  20.0721 -1.06863
kf & can:593  -23.832 -117.415  3.01773 451   76.1059   14.5422 -0.928698
kf & can:593  -23.832 -117.415  3.01773 452   76.3086   8.38602 -0.770548
kf & can:593  -23.832 -117.415  3.01773 453   76.1902   2.37412 -0.613797
kf & can:593  -23.832 -117.415  3.01773 454   75.8289  -3.03812 -0.470501
kf & can:593  -23.832 -117.415  3.01773 455   75.2554  -8.12638 -0.334089
kf & can:593  -23.832 -117.415  3.01773 456   74.7573  -11.7282 -0.236269
kf & can:593  -23.832 -117.415  3.01773 457   74.1866  -15.0622 -0.145281
kf & can:593  -23.832 -117.415  3.01773 458    73.3881   -19.0862 -0.0346617
kf & can:593  -23.832 -117.415  3.01773 459   73.0113  -20.9837 0.0179276
kf & can:593  -23.832 -117.415  3.01773 460   72.8844  -21.9317 0.0445717
kf & can:593  -23.832 -117.415  3.01773 461  73.0326  -22.006 0.047039
kf & can:593  -23.832 -117.415  3.01773 462   73.2878  -21.7659 0.0406568
kf & can:593  -23.832 -117.415  3.01773 463   73.5773  -21.4678 0.0324725
kf & can:593  -23.832 -117.415  3.01773 464   73.8774  -21.1379 0.0234623
kf & can:593  -23.832 -117.415  3.01773 465   74.1356  -20.9651 0.0186542
kf & can:593  -23.832 -117.415  3.01773 466   74.3967  -20.7651 0.0131195
kf & can:593  -23.832 -117.415  3.01773 467    74.6717   -20.4984 0.00588809
kf & can:593  -23.832 -117.415  3.01773 468     75.0238    -19.9547 -0.00873145
kf & can:593  -23.832 -117.415  3.01773 469    75.3427   -19.5404 -0.0198591
kf & can:593  -23.832 -117.415  3.01773 470     75.616   -19.2822 -0.0269091
kf & can:593  -23.832 -117.415  3.01773 471    75.8867   -19.0283 -0.0339214
kf & can:593  -23.832 -117.415  3.01773 472    76.166  -18.7389 -0.041811
kf & can:593  -23.832 -117.415  3.01773 473    76.4348   -18.4815 -0.0488409
kf & can:593  -23.832 -117.415  3.01773 474     76.676    -18.335 -0.0529867
kf & can:593  -23.832 -117.415  3.01773 475    76.9385   -18.1062 -0.0592812
kf & can:593  -23.832 -117.415  3.01773 476    77.1705   -18.0005 -0.0623311
kf & can:593  -23.832 -117.415  3.01773 477    77.4211   -17.8351 -0.0668832
kf & can:593  -23.832 -117.415  3.01773 478   77.6845  -17.6062 -0.073051
kf & can:593  -23.832 -117.415  3.01773 479    77.9717   -17.2754 -0.0819242
kf & can:593  -23.832 -117.415  3.01773 480   78.2562  -16.9418 -0.090909
kf & can:593  -23.832 -117.415  3.01773 481    78.5173   -16.7121 -0.0971552
kf & can:593  -23.832 -117.415  3.01773 482   78.7682     -16.5 -0.102888
kf & can:756  13.6198 -58.5027  1.99777 273    47.6929   -10.3854 -0.0702503
kf & can:756  13.6198 -58.5027  1.99777 274    47.8083   -10.7432 -0.0553253
kf & can:756  13.6198 -58.5027  1.99777 275    47.9224   -11.0997 -0.0403957
kf & can:756  13.6198 -58.5027  1.99777 276    48.0364   -11.4299 -0.0263929
kf & can:756  13.6198 -58.5027  1.99777 277    48.1525    -11.732 -0.0134891
kf & can:776  9.73738 -58.2902  2.23483 241   42.0747  -7.59357 -0.164893
kf & can:776  9.73738 -58.2902  2.23483 242   42.2607  -7.60236 -0.165231
kf & can:776  9.73738 -58.2902  2.23483 243   42.4708   -7.4996 -0.171073
kf & can:776  9.73738 -58.2902  2.23483 244   42.6756  -7.42013 -0.175896
kf & can:776  9.73738 -58.2902  2.23483 245   42.8927  -7.25919 -0.184337
kf & can:776  9.73738 -58.2902  2.23483 246   43.1019  -7.13121 -0.191051
kf & can:776  9.73738 -58.2902  2.23483 247   43.3112  -7.01458 -0.197229
kf & can:776  9.73738 -58.2902  2.23483 248  43.5154 -6.91768 -0.20257
kf & can:776  9.73738 -58.2902  2.23483 249   43.7193  -6.83852 -0.207186
kf & can:776  9.73738 -58.2902  2.23483 250   43.9208  -6.75879 -0.211923
kf & can:776  9.73738 -58.2902  2.23483 251   44.1265  -6.66721 -0.217018
kf & can:776  9.73738 -58.2902  2.23483 252   44.3355  -6.56835 -0.222427
kf & can:776  9.73738 -58.2902  2.23483 253  44.5423 -6.51366 -0.22584
kf & can:776  9.73738 -58.2902  2.23483 254  44.7383 -6.52712 -0.22619
kf & can:776  9.73738 -58.2902  2.23483 255   44.9368   -6.5288 -0.226789
kf & can:776  9.73738 -58.2902  2.23483 256  45.1261 -6.57755 -0.22557
kf & can:776  9.73738 -58.2902  2.23483 257   45.308 -6.66944 -0.22232
kf & can:776  9.73738 -58.2902  2.23483 258   45.4683  -6.89818 -0.213114
kf & can:776  9.73738 -58.2902  2.23483 259   45.6062  -7.20324 -0.200257
kf & can:776  9.73738 -58.2902  2.23483 260   45.7425  -7.49214 -0.188277
kf & can:776  9.73738 -58.2902  2.23483 261   45.8904   -7.7106 -0.179418
kf & can:776  9.73738 -58.2902  2.23483 262   46.0659  -7.78734 -0.176643
kf & can:776  9.73738 -58.2902  2.23483 263   46.2745  -7.71706 -0.179428
kf & can:776  9.73738 -58.2902  2.23483 264    46.467  -7.78278 -0.176848
kf & can:776  9.73738 -58.2902  2.23483 265   46.6258  -8.02589 -0.167999
kf & can:776  9.73738 -58.2902  2.23483 266   46.8151  -8.05589 -0.167508
kf & can:776  9.73738 -58.2902  2.23483 267   46.9808  -8.19412 -0.162147
kf & can:776  9.73738 -58.2902  2.23483 268   47.1226  -8.42567 -0.152634
kf & can:776  9.73738 -58.2902  2.23483 269   47.2418  -8.77744 -0.138039
kf & can:776  9.73738 -58.2902  2.23483 270   47.3662  -9.11361 -0.123834
kf & can:776  9.73738 -58.2902  2.23483 271   47.4874  -9.47574 -0.108231
kf & can:776  9.73738 -58.2902  2.23483 272    47.5793   -10.0034 -0.0861392
kf & can:776  9.73738 -58.2902  2.23483 273    47.6929   -10.3854 -0.0702503
kf & can:776  9.73738 -58.2902  2.23483 274    47.8083   -10.7432 -0.0553252
kf & can:776  9.73738 -58.2902  2.23483 275    47.9224   -11.0997 -0.0403955
kf & can:776  9.73738 -58.2902  2.23483 276    48.0364   -11.4299 -0.0263927
kf & can:776  9.73738 -58.2902  2.23483 277    48.1525    -11.732 -0.0134889
kf & can:776  9.73738 -58.2902  2.23483 278      48.309       -11.9 -0.00614423
kf & can:776  9.73738 -58.2902  2.23483 279    48.4461   -12.1233 0.00354511
kf & can:776  9.73738 -58.2902  2.23483 280   48.5766  -12.3794 0.0144326
kf & can:776  9.73738 -58.2902  2.23483 281   48.6614   -12.796 0.0317873
kf & can:776  9.73738 -58.2902  2.23483 282   48.7597   -13.128 0.0454893
kf & can:776  9.73738 -58.2902  2.23483 283   48.8948  -13.3509 0.0549499
kf & can:776  9.73738 -58.2902  2.23483 284    49.033  -13.5367 0.0629643
kf & can:776  9.73738 -58.2902  2.23483 285   49.1558  -13.7722 0.0730448
kf & can:776  9.73738 -58.2902  2.23483 286   49.2802  -13.9663 0.0812369
kf & can:776  9.73738 -58.2902  2.23483 287   49.4106  -14.1444 0.0886813
kf & can:776  9.73738 -58.2902  2.23483 288   49.5504  -14.2879 0.0947705
kf & can:835 -15.7093 -52.4999  3.11086 173    29.0483   -8.78126 -0.0738441
kf & can:835 -15.7093 -52.4999  3.11086 174    29.3075   -8.60189 -0.0869603
kf & can:835 -15.7093 -52.4999  3.11086 175   29.5888   -8.3708 -0.103698
kf & can:835 -15.7093 -52.4999  3.11086 176   29.8589  -8.21528 -0.115572
kf & can:835 -15.7093 -52.4999  3.11086 177   30.1046  -8.09453 -0.125226
kf & can:835 -15.7093 -52.4999  3.11086 178   30.3239  -8.03875 -0.130492
kf & can:835 -15.7093 -52.4999  3.11086 179   30.5409  -7.95257 -0.137232
kf & can:835 -15.7093 -52.4999  3.11086 180   30.7429  -7.87514 -0.143433
kf & can:835 -15.7093 -52.4999  3.11086 181    30.959   -7.7739 -0.151131
kf & can:835 -15.7093 -52.4999  3.11086 182    31.164  -7.73351 -0.155168
kf & can:835 -15.7093 -52.4999  3.11086 183   31.3437  -7.76233 -0.154368
kf & can:835 -15.7093 -52.4999  3.11086 184   31.5113  -7.81984 -0.151525
kf & can:835 -15.7093 -52.4999  3.11086 185   31.6611  -7.96376 -0.143159
kf & can:835 -15.7093 -52.4999  3.11086 186   31.7985  -8.11772 -0.133749
kf & can:835 -15.7093 -52.4999  3.11086 187   31.9369  -8.27633 -0.123976
kf & can:835 -15.7093 -52.4999  3.11086 188   32.0807  -8.41327 -0.115706
kf & can:835 -15.7093 -52.4999  3.11086 189   32.2205  -8.54083 -0.107872
kf & can:835 -15.7093 -52.4999  3.11086 190  32.3722 -8.66483 -0.10011
kf & can:835 -15.7093 -52.4999  3.11086 191     32.512   -8.74801 -0.0947699
kf & can:835 -15.7093 -52.4999  3.11086 192    32.6563   -8.82021 -0.0899749
kf & can:835 -15.7093 -52.4999  3.11086 193    32.7685   -9.04883 -0.0767135
kf & can:835 -15.7093 -52.4999  3.11086 194    32.9022   -9.21432 -0.0677176
kf & can:835 -15.7093 -52.4999  3.11086 195   33.0406  -9.35296 -0.059706
kf & can:835 -15.7093 -52.4999  3.11086 196    33.1795    -9.4639 -0.0531097
kf & can:835 -15.7093 -52.4999  3.11086 197   33.2984  -9.63036 -0.042945
kf & can:835 -15.7093 -52.4999  3.11086 198    33.4238   -9.78928 -0.0333776
kf & can:835 -15.7093 -52.4999  3.11086 199    33.5787   -9.84903 -0.0296904
kf & can:835 -15.7093 -52.4999  3.11086 200    33.7223   -9.93285 -0.0244873
kf & can:835 -15.7093 -52.4999  3.11086 201    33.8767   -9.98532 -0.0213387
kf & can:835 -15.7093 -52.4999  3.11086 202    34.0416   -10.0129 -0.0197791
kf & can:835 -15.7093 -52.4999  3.11086 203    34.2017    -10.073 -0.0164285
kf & can:835 -15.7093 -52.4999  3.11086 204    34.3691   -10.0971 -0.0149986
kf & can:835 -15.7093 -52.4999  3.11086 205    34.5569   -10.0703 -0.0165914
kf & can:835 -15.7093 -52.4999  3.11086 206    34.7363   -10.0696 -0.0166908
kf & can:835 -15.7093 -52.4999  3.11086 207    34.9071    -10.088 -0.0156903
kf & can:835 -15.7093 -52.4999  3.11086 208   35.0779  -10.1472 -0.012548
kf & can:835 -15.7093 -52.4999  3.11086 209    35.2547    -10.167 -0.0116162
kf & can:835 -15.7093 -52.4999  3.11086 210    35.4564   -10.1093 -0.0149989
kf & can:835 -15.7093 -52.4999  3.11086 212    35.7996   -10.1452 -0.0130491
kf & can:835 -15.7093 -52.4999  3.11086 213     35.9505    -10.2306 -0.00823811
kf & can:835 -15.7093 -52.4999  3.11086 214     36.1071    -10.2866 -0.00510212
kf & can:835 -15.7093 -52.4999  3.11086 215     36.2864     -10.268 -0.00617798
kf & can:894  24.0231  18.6934 -2.30159 125   22.1428   2.62059 -0.850884
kf & can:894  24.0231  18.6934 -2.30159 126   22.3259   2.38082 -0.836679
kf & can:894  24.0231  18.6934 -2.30159 127   22.5084   2.15639 -0.823681
kf & can:894  24.0231  18.6934 -2.30159 128   22.6921   1.95812 -0.812961
kf & can:894  24.0231  18.6934 -2.30159 129   22.8709   1.69768 -0.796691
kf & can:894  24.0231  18.6934 -2.30159 130   23.0486    1.4204 -0.778965
kf & can:894  24.0231  18.6934 -2.30159 131   23.2241   1.14354 -0.761577
kf & can:894  24.0231  18.6934 -2.30159 132   23.3979  0.893068 -0.746411
kf & can:894  24.0231  18.6934 -2.30159 133   23.5815  0.659199 -0.732322
kf & can:894  24.0231  18.6934 -2.30159 134   23.7535  0.441285 -0.719506
kf & can:894  24.0231  18.6934 -2.30159 135   23.9169  0.214679 -0.706164
kf & can:894  24.0231  18.6934 -2.30159 136    24.0663 -0.0569777  -0.689051
kf & can:894  24.0231  18.6934 -2.30159 137   24.2357 -0.225199 -0.680281
kf & can:894  24.0231  18.6934 -2.30159 138   24.4094 -0.342102 -0.675594
kf & can:894  24.0231  18.6934 -2.30159 139   24.5663 -0.546446 -0.663447
kf & can:894  24.0231  18.6934 -2.30159 140   24.6947 -0.928497 -0.636587
kf & can:894  24.0231  18.6934 -2.30159 141   24.8041  -1.38738 -0.602971
kf & can:894  24.0231  18.6934 -2.30159 142   24.9096  -1.82283 -0.570667
kf & can:894  24.0231  18.6934 -2.30159 143    25.013  -2.24579 -0.539151
kf & can:894  24.0231  18.6934 -2.30159 144   25.1221  -2.61957 -0.511874
kf & can:894  24.0231  18.6934 -2.30159 145   25.2209  -2.98972 -0.484827
kf & can:894  24.0231  18.6934 -2.30159 146   25.3329  -3.30877 -0.461749
kf & can:894  24.0231  18.6934 -2.30159 147   25.4772  -3.52312 -0.447173
kf & can:894  24.0231  18.6934 -2.30159 148   25.6095  -3.78046 -0.429181
kf & can:894  24.0231  18.6934 -2.30159 149   25.7291    -4.033 -0.411581
kf & can:894  24.0231  18.6934 -2.30159 150   25.8462  -4.29871 -0.392855
kf & can:894  24.0231  18.6934 -2.30159 151   25.9631  -4.59276 -0.371698
kf & can:894  24.0231  18.6934 -2.30159 152   26.0786  -4.88642 -0.350457
kf & can:894  24.0231  18.6934 -2.30159 153   26.1825  -5.22925 -0.325605
kf & can:894  24.0231  18.6934 -2.30159 154  26.2992 -5.50363   -0.306
kf & can:894  24.0231  18.6934 -2.30159 155   26.4106  -5.78379 -0.286023
kf & can:894  24.0231  18.6934 -2.30159 156  26.5091 -6.08934 -0.26394
kf & can:894  24.0231  18.6934 -2.30159 157   26.6238  -6.38396 -0.242586
kf & can:894  24.0231  18.6934 -2.30159 158   26.7445  -6.66848 -0.222036
kf & can:894  24.0231  18.6934 -2.30159 159   26.8748  -6.91186 -0.204921
kf & can:1105  -5.06848 -0.692881   1.58764 0 0 0 0
kf & can:1105  -5.06848 -0.692881   1.58764 1   0.179682 -0.0350597 -0.0974503
kf & can:1105  -5.06848 -0.692881   1.58764 2   0.340342 -0.0488638 -0.0933704
kf & can:1105  -5.06848 -0.692881   1.58764 3   0.527749 -0.0593404 -0.0661714
kf & can:1135 -4.65734   2.3337  1.04077 0 0 0 0
kf & can:1155 -0.74556 -3.39194 -1.54113 0 0 0 0
kf & can:1155 -0.74556 -3.39194 -1.54113 1   0.179681 -0.0350569 -0.0974353
kf & can:1155 -0.74556 -3.39194 -1.54113 2   0.340341 -0.0488584 -0.0933406
kf & can:1155 -0.74556 -3.39194 -1.54113 3   0.527748 -0.0593317 -0.0661269
kf & can:1155 -0.74556 -3.39194 -1.54113 4   0.739108 -0.0655786 -0.0440384
kf & can:1155 -0.74556 -3.39194 -1.54113 5   0.948483 -0.0720856 -0.0230973
kf & can:1155 -0.74556 -3.39194 -1.54113 6    1.16646 -0.0820456 0.00107642
kf & can:1155 -0.74556 -3.39194 -1.54113 7    1.38571 -0.0857267  0.0214554
kf & can:1155 -0.74556 -3.39194 -1.54113 8    1.60563 -0.0852493  0.0391904
kf & can:1155 -0.74556 -3.39194 -1.54113 9    1.82062 -0.0844532  0.0559314
kf & can:1155 -0.74556 -3.39194 -1.54113 10    2.02927 -0.0844274  0.0709671
kf & can:1175  1.53846 -5.05511 -1.55665 1072 -9.21095 -5.21783  1.54408
kf & can:1175  1.53846 -5.05511 -1.55665 1073 -9.02375 -5.07761  1.53888
kf & can:1175  1.53846 -5.05511 -1.55665 1074 -8.84377 -4.91669  1.53731
kf & can:1195  4.37749 -7.79479 -1.53439 1054 -11.9077 -7.91762  1.54625
kf & can:1195  4.37749 -7.79479 -1.53439 1055 -11.7936 -7.76376  1.55001
kf & can:1195  4.37749 -7.79479 -1.53439 1056 -11.6894 -7.59828  1.55611
kf & can:1195  4.37749 -7.79479 -1.53439 1057 -11.5917 -7.43378  1.56338
kf & can:1195  4.37749 -7.79479 -1.53439 1058 -11.4728 -7.27782  1.56687
kf & can:1195  4.37749 -7.79479 -1.53439 1059 -11.3683 -7.11486  1.57332
kf & can:1195  4.37749 -7.79479 -1.53439 1060 -11.2358  -6.9793  1.57333
kf & can:1195  4.37749 -7.79479 -1.53439 1061 -11.1031 -6.83523   1.5738
kf & can:1195  4.37749 -7.79479 -1.53439 1062 -10.9631 -6.69232  1.57159
kf & can:1195  4.37749 -7.79479 -1.53439 1063 -10.8224 -6.52786  1.57256
kf & can:1195  4.37749 -7.79479 -1.53439 1064 -10.6508 -6.38328  1.56914
kf & can:1195  4.37749 -7.79479 -1.53439 1065 -10.4707 -6.23034  1.56652
kf & can:1195  4.37749 -7.79479 -1.53439 1066 -10.3041 -6.06292  1.56896
kf & can:1195  4.37749 -7.79479 -1.53439 1067 -10.1165 -5.92209  1.56544
kf & can:1195  4.37749 -7.79479 -1.53439 1068 -9.94854 -5.76963  1.56448
kf & can:1195  4.37749 -7.79479 -1.53439 1069 -9.77275 -5.62102  1.56207
kf & can:1195  4.37749 -7.79479 -1.53439 1070 -9.59358 -5.48089   1.5579
kf & can:1195  4.37749 -7.79479 -1.53439 1071  -9.4124 -5.33904  1.55353
kf & can:1195  4.37749 -7.79479 -1.53439 1072 -9.21095 -5.21783  1.54408
kf & can:1195  4.37749 -7.79479 -1.53439 1073 -9.02376 -5.07761  1.53888
kf & can:1195  4.37749 -7.79479 -1.53439 1074 -8.84377 -4.91669  1.53731
kf & can:1195  4.37749 -7.79479 -1.53439 1075 -8.66154 -4.76485  1.53448
kf & can:1195  4.37749 -7.79479 -1.53439 1076 -8.48332 -4.61181   1.5324
kf & can:1195  4.37749 -7.79479 -1.53439 1077 -8.30742 -4.46637  1.53001
kf & can:1195  4.37749 -7.79479 -1.53439 1078 -8.11853  -4.3402  1.52273
kf & can:1195  4.37749 -7.79479 -1.53439 1079 -7.93326 -4.19508  1.51858
kf & can:1195  4.37749 -7.79479 -1.53439 1080 -7.74457 -4.05266  1.51318
kf & can:1195  4.37749 -7.79479 -1.53439 1081  -7.5681 -3.90297  1.51109
kf & can:1195  4.37749 -7.79479 -1.53439 1082 -7.38391 -3.75643  1.50813
kf & can:1195  4.37749 -7.79479 -1.53439 1083 -7.20103  -3.6165  1.50401
kf & can:1195  4.37749 -7.79479 -1.53439 1084  -7.0404 -3.46441  1.50633
kf & can:1195  4.37749 -7.79479 -1.53439 1085  -6.8799 -3.31297    1.508
kf & can:1195  4.37749 -7.79479 -1.53439 1086 -6.72294 -3.15623  1.51026
kf & can:1195  4.37749 -7.79479 -1.53439 1087 -6.56415 -2.98818  1.51326
kf & can:1195  4.37749 -7.79479 -1.53439 1088 -6.40142 -2.83701  1.51225
